Accuracy: 0.9820426487093153
Precision: 0.9909638554216867
Recall: 0.9619883040935673
F1-score: 0.9762611275964391
